10001011000 00010 000000 00001 00011 96 ADD R3, R1, R2
1001000100 100000000111 00000 00000 100 ADDI R0, R0, #7
10001011000 00111 000000 00001 01111 104 ADD R15, R1, R7
11001011000 00010 000000 00001 00011 108 SUB R3, R1, R2
10001010000 00010 000000 00001 00011 112 AND R3, R1, R2
10101010000 00010 000000 00001 00011 116 ORR R3, R1, R2
11101010000 00010 000000 00001 00011 120 EOR R3, R1, R2
11101010000 00010 000000 00001 00011 124 EOR R3, R1, R2
11010011011 00000 000111 00000 00011 128 LSL R3, R0, R0
1001000100 100011001000 01101 01101 132 ADDI R13, R13, #200
1001000100 100011001000 01100 01100 136 ADDI R12, R12, #200
11111000000 110110000 11 01100 01101 140 3 R13, [R12, #176]
1001000100 100000000111 00000 00000 144 ADDI R0, R0, #7
10110100 0000000000000000010 01100 148 CBZ R12, 2
111100101 01 0000000000000001 00000 152 MOVK R0, 1, LSL 1
10110101 0000000000000000100 10011 156 CBNZ R19, 4
000101 00000000000000000000000011 160 B #3
110100101 00 0000000000000000 00000 164 MOVZ R0, 0, LSL 0
000101 11111000000010011100010000 168 B #-2087152
0 172 NOP
11111110110111101111111111100111 176 BREAK
10001011000001110000000000101111 180 -1962475473
11001011000000100000000000100011 184 -889061341
10001010000000100000000000100011 188 -1979580381
10101010000000100000000000100011 192 -1442709469
0 196 0
11101010000000100000000000100011 200 -368967645
11101010000000100000000000100011 204 -368967645
11010011011000000001110000000011 208 -748676093
0 212 0
10010001001000110010000110101101 216 -1859968595
10010001001000110010000110001100 220 -1859968628
11111000010110110000110110001101 224 -128250483
10010001001000000001110000000000 228 -1860166656
10110100000000000000000001001100 232 -1275068340
0 236 0
11110010101000000000000000100000 240 -224395232
10110101000000000000000010010011 244 -1258291053
00010100000000000000000000000011 248 335544323
11010010100000000000000000000000 252 -763363328
