====================
Cycle:1	96	ADD	R3, R2, R1

Registers:
r00:	0	0	0	0	0	0	0	0	
r08:	0	0	0	0	0	0	0	0	
r16:	0	0	0	0	0	0	0	0	
r24:	0	0	0	0	0	0	0	0	

Data:
180:	-1962475473	-889061341	-1979580381	-1442709469	0	-368967645	-368967645	-748676093	
212:	0	-1859968595	-1859968628	-128250483	-1860166656	-1275068340	0	-224395232	
244:	-1258291053	335544323	-763363328	0	0	0	0	0	
====================
Cycle:2	100	ADDI	R0, R0, #7

Registers:
r00:	7	0	0	0	0	0	0	0	
r08:	0	0	0	0	0	0	0	0	
r16:	0	0	0	0	0	0	0	0	
r24:	0	0	0	0	0	0	0	0	

Data:
180:	-1962475473	-889061341	-1979580381	-1442709469	0	-368967645	-368967645	-748676093	
212:	0	-1859968595	-1859968628	-128250483	-1860166656	-1275068340	0	-224395232	
244:	-1258291053	335544323	-763363328	0	0	0	0	0	
====================
Cycle:3	104	ADD	R15, R7, R1

Registers:
r00:	7	0	0	0	0	0	0	0	
r08:	0	0	0	0	0	0	0	0	
r16:	0	0	0	0	0	0	0	0	
r24:	0	0	0	0	0	0	0	0	

Data:
180:	-1962475473	-889061341	-1979580381	-1442709469	0	-368967645	-368967645	-748676093	
212:	0	-1859968595	-1859968628	-128250483	-1860166656	-1275068340	0	-224395232	
244:	-1258291053	335544323	-763363328	0	0	0	0	0	
====================
Cycle:4	108	SUB	R3, R2, R1

Registers:
r00:	7	0	0	0	0	0	0	0	
r08:	0	0	0	0	0	0	0	0	
r16:	0	0	0	0	0	0	0	0	
r24:	0	0	0	0	0	0	0	0	

Data:
180:	-1962475473	-889061341	-1979580381	-1442709469	0	-368967645	-368967645	-748676093	
212:	0	-1859968595	-1859968628	-128250483	-1860166656	-1275068340	0	-224395232	
244:	-1258291053	335544323	-763363328	0	0	0	0	0	
====================
Cycle:5	112	AND	R3, R2, R1

Registers:
r00:	7	0	0	0	0	0	0	0	
r08:	0	0	0	0	0	0	0	0	
r16:	0	0	0	0	0	0	0	0	
r24:	0	0	0	0	0	0	0	0	

Data:
180:	-1962475473	-889061341	-1979580381	-1442709469	0	-368967645	-368967645	-748676093	
212:	0	-1859968595	-1859968628	-128250483	-1860166656	-1275068340	0	-224395232	
244:	-1258291053	335544323	-763363328	0	0	0	0	0	
====================
Cycle:6	116	ORR	R3, R2, R1

Registers:
r00:	7	0	0	0	0	0	0	0	
r08:	0	0	0	0	0	0	0	0	
r16:	0	0	0	0	0	0	0	0	
r24:	0	0	0	0	0	0	0	0	

Data:
180:	-1962475473	-889061341	-1979580381	-1442709469	0	-368967645	-368967645	-748676093	
212:	0	-1859968595	-1859968628	-128250483	-1860166656	-1275068340	0	-224395232	
244:	-1258291053	335544323	-763363328	0	0	0	0	0	
====================
Cycle:7	120	EOR	R3, R2, R1

Registers:
r00:	7	0	0	0	0	0	0	0	
r08:	0	0	0	0	0	0	0	0	
r16:	0	0	0	0	0	0	0	0	
r24:	0	0	0	0	0	0	0	0	

Data:
180:	-1962475473	-889061341	-1979580381	-1442709469	0	-368967645	-368967645	-748676093	
212:	0	-1859968595	-1859968628	-128250483	-1860166656	-1275068340	0	-224395232	
244:	-1258291053	335544323	-763363328	0	0	0	0	0	
====================
Cycle:8	124	EOR	R3, R2, R1

Registers:
r00:	7	0	0	0	0	0	0	0	
r08:	0	0	0	0	0	0	0	0	
r16:	0	0	0	0	0	0	0	0	
r24:	0	0	0	0	0	0	0	0	

Data:
180:	-1962475473	-889061341	-1979580381	-1442709469	0	-368967645	-368967645	-748676093	
212:	0	-1859968595	-1859968628	-128250483	-1860166656	-1275068340	0	-224395232	
244:	-1258291053	335544323	-763363328	0	0	0	0	0	
====================
Cycle:9	128	LSL	R3, R0, #3

Registers:
r00:	7	0	0	7	0	0	0	0	
r08:	0	0	0	0	0	0	0	0	
r16:	0	0	0	0	0	0	0	0	
r24:	0	0	0	0	0	0	0	0	

Data:
180:	-1962475473	-889061341	-1979580381	-1442709469	0	-368967645	-368967645	-748676093	
212:	0	-1859968595	-1859968628	-128250483	-1860166656	-1275068340	0	-224395232	
244:	-1258291053	335544323	-763363328	0	0	0	0	0	
====================
Cycle:10	132	ADDI	R13, R13, #200

Registers:
r00:	7	0	0	7	0	0	0	0	
r08:	0	0	0	0	0	200	0	0	
r16:	0	0	0	0	0	0	0	0	
r24:	0	0	0	0	0	0	0	0	

Data:
180:	-1962475473	-889061341	-1979580381	-1442709469	0	-368967645	-368967645	-748676093	
212:	0	-1859968595	-1859968628	-128250483	-1860166656	-1275068340	0	-224395232	
244:	-1258291053	335544323	-763363328	0	0	0	0	0	
====================
Cycle:11	136	ADDI	R12, R12, #200

Registers:
r00:	7	0	0	7	0	0	0	0	
r08:	0	0	0	0	200	200	0	0	
r16:	0	0	0	0	0	0	0	0	
r24:	0	0	0	0	0	0	0	0	

Data:
180:	-1962475473	-889061341	-1979580381	-1442709469	0	-368967645	-368967645	-748676093	
212:	0	-1859968595	-1859968628	-128250483	-1860166656	-1275068340	0	-224395232	
244:	-1258291053	335544323	-763363328	0	0	0	0	0	
====================
Cycle:12	140	STUR	R13, [R12, #176]

Registers:
r00:	7	0	0	7	0	0	0	0	
r08:	0	0	0	0	200	200	0	0	
r16:	0	0	0	0	0	0	0	0	
r24:	0	0	0	0	0	0	0	0	

Data:
180:	-1962475473	-889061341	-1979580381	-1442709469	0	-368967645	-368967645	-748676093	
212:	0	-1859968595	-1859968628	-128250483	-1860166656	-1275068340	0	-224395232	
244:	-1258291053	335544323	-763363328	0	0	0	0	0	
276:	0	0	0	0	0	0	0	0	
308:	0	0	0	0	0	0	0	0	
340:	0	0	0	0	0	0	0	0	
372:	0	0	0	0	0	0	0	0	
404:	0	0	0	0	0	0	0	0	
436:	0	0	0	0	0	0	0	0	
468:	0	0	0	0	0	0	0	0	
500:	0	0	0	0	0	0	0	0	
532:	0	0	0	0	0	0	0	0	
564:	0	0	0	0	0	0	0	0	
596:	0	0	0	0	0	0	0	0	
628:	0	0	0	0	0	0	0	0	
660:	0	0	0	0	0	0	0	0	
692:	0	0	0	0	0	0	0	0	
724:	0	0	0	0	0	0	0	0	
756:	0	0	0	0	0	0	0	0	
788:	0	0	0	0	0	0	0	0	
820:	0	0	0	0	0	0	0	0	
852:	0	0	0	0	0	0	0	0	
884:	0	0	0	0	0	200	0	0	
====================
Cycle:13	144	ADDI	R0, R0, #7

Registers:
r00:	14	0	0	7	0	0	0	0	
r08:	0	0	0	0	200	200	0	0	
r16:	0	0	0	0	0	0	0	0	
r24:	0	0	0	0	0	0	0	0	

Data:
180:	-1962475473	-889061341	-1979580381	-1442709469	0	-368967645	-368967645	-748676093	
212:	0	-1859968595	-1859968628	-128250483	-1860166656	-1275068340	0	-224395232	
244:	-1258291053	335544323	-763363328	0	0	0	0	0	
276:	0	0	0	0	0	0	0	0	
308:	0	0	0	0	0	0	0	0	
340:	0	0	0	0	0	0	0	0	
372:	0	0	0	0	0	0	0	0	
404:	0	0	0	0	0	0	0	0	
436:	0	0	0	0	0	0	0	0	
468:	0	0	0	0	0	0	0	0	
500:	0	0	0	0	0	0	0	0	
532:	0	0	0	0	0	0	0	0	
564:	0	0	0	0	0	0	0	0	
596:	0	0	0	0	0	0	0	0	
628:	0	0	0	0	0	0	0	0	
660:	0	0	0	0	0	0	0	0	
692:	0	0	0	0	0	0	0	0	
724:	0	0	0	0	0	0	0	0	
756:	0	0	0	0	0	0	0	0	
788:	0	0	0	0	0	0	0	0	
820:	0	0	0	0	0	0	0	0	
852:	0	0	0	0	0	0	0	0	
884:	0	0	0	0	0	200	0	0	
====================
Cycle:14	148	CBZ	R12, #2

Registers:
r00:	14	0	0	7	0	0	0	0	
r08:	0	0	0	0	200	200	0	0	
r16:	0	0	0	0	0	0	0	0	
r24:	0	0	0	0	0	0	0	0	

Data:
180:	-1962475473	-889061341	-1979580381	-1442709469	0	-368967645	-368967645	-748676093	
212:	0	-1859968595	-1859968628	-128250483	-1860166656	-1275068340	0	-224395232	
244:	-1258291053	335544323	-763363328	0	0	0	0	0	
276:	0	0	0	0	0	0	0	0	
308:	0	0	0	0	0	0	0	0	
340:	0	0	0	0	0	0	0	0	
372:	0	0	0	0	0	0	0	0	
404:	0	0	0	0	0	0	0	0	
436:	0	0	0	0	0	0	0	0	
468:	0	0	0	0	0	0	0	0	
500:	0	0	0	0	0	0	0	0	
532:	0	0	0	0	0	0	0	0	
564:	0	0	0	0	0	0	0	0	
596:	0	0	0	0	0	0	0	0	
628:	0	0	0	0	0	0	0	0	
660:	0	0	0	0	0	0	0	0	
692:	0	0	0	0	0	0	0	0	
724:	0	0	0	0	0	0	0	0	
756:	0	0	0	0	0	0	0	0	
788:	0	0	0	0	0	0	0	0	
820:	0	0	0	0	0	0	0	0	
852:	0	0	0	0	0	0	0	0	
884:	0	0	0	0	0	200	0	0	
====================
Cycle:15	152	MOVK	R0, 1, LSL 16

Registers:
r00:	65550	0	0	7	0	0	0	0	
r08:	0	0	0	0	200	200	0	0	
r16:	0	0	0	0	0	0	0	0	
r24:	0	0	0	0	0	0	0	0	

Data:
180:	-1962475473	-889061341	-1979580381	-1442709469	0	-368967645	-368967645	-748676093	
212:	0	-1859968595	-1859968628	-128250483	-1860166656	-1275068340	0	-224395232	
244:	-1258291053	335544323	-763363328	0	0	0	0	0	
276:	0	0	0	0	0	0	0	0	
308:	0	0	0	0	0	0	0	0	
340:	0	0	0	0	0	0	0	0	
372:	0	0	0	0	0	0	0	0	
404:	0	0	0	0	0	0	0	0	
436:	0	0	0	0	0	0	0	0	
468:	0	0	0	0	0	0	0	0	
500:	0	0	0	0	0	0	0	0	
532:	0	0	0	0	0	0	0	0	
564:	0	0	0	0	0	0	0	0	
596:	0	0	0	0	0	0	0	0	
628:	0	0	0	0	0	0	0	0	
660:	0	0	0	0	0	0	0	0	
692:	0	0	0	0	0	0	0	0	
724:	0	0	0	0	0	0	0	0	
756:	0	0	0	0	0	0	0	0	
788:	0	0	0	0	0	0	0	0	
820:	0	0	0	0	0	0	0	0	
852:	0	0	0	0	0	0	0	0	
884:	0	0	0	0	0	200	0	0	
====================
Cycle:16	156	CBNZ	R19, #4

Registers:
r00:	65550	0	0	7	0	0	0	0	
r08:	0	0	0	0	200	200	0	0	
r16:	0	0	0	0	0	0	0	0	
r24:	0	0	0	0	0	0	0	0	

Data:
180:	-1962475473	-889061341	-1979580381	-1442709469	0	-368967645	-368967645	-748676093	
212:	0	-1859968595	-1859968628	-128250483	-1860166656	-1275068340	0	-224395232	
244:	-1258291053	335544323	-763363328	0	0	0	0	0	
276:	0	0	0	0	0	0	0	0	
308:	0	0	0	0	0	0	0	0	
340:	0	0	0	0	0	0	0	0	
372:	0	0	0	0	0	0	0	0	
404:	0	0	0	0	0	0	0	0	
436:	0	0	0	0	0	0	0	0	
468:	0	0	0	0	0	0	0	0	
500:	0	0	0	0	0	0	0	0	
532:	0	0	0	0	0	0	0	0	
564:	0	0	0	0	0	0	0	0	
596:	0	0	0	0	0	0	0	0	
628:	0	0	0	0	0	0	0	0	
660:	0	0	0	0	0	0	0	0	
692:	0	0	0	0	0	0	0	0	
724:	0	0	0	0	0	0	0	0	
756:	0	0	0	0	0	0	0	0	
788:	0	0	0	0	0	0	0	0	
820:	0	0	0	0	0	0	0	0	
852:	0	0	0	0	0	0	0	0	
884:	0	0	0	0	0	200	0	0	
====================
Cycle:17	172	NOP	

Registers:
r00:	65550	0	0	7	0	0	0	0	
r08:	0	0	0	0	200	200	0	0	
r16:	0	0	0	0	0	0	0	0	
r24:	0	0	0	0	0	0	0	0	

Data:
180:	-1962475473	-889061341	-1979580381	-1442709469	0	-368967645	-368967645	-748676093	
212:	0	-1859968595	-1859968628	-128250483	-1860166656	-1275068340	0	-224395232	
244:	-1258291053	335544323	-763363328	0	0	0	0	0	
276:	0	0	0	0	0	0	0	0	
308:	0	0	0	0	0	0	0	0	
340:	0	0	0	0	0	0	0	0	
372:	0	0	0	0	0	0	0	0	
404:	0	0	0	0	0	0	0	0	
436:	0	0	0	0	0	0	0	0	
468:	0	0	0	0	0	0	0	0	
500:	0	0	0	0	0	0	0	0	
532:	0	0	0	0	0	0	0	0	
564:	0	0	0	0	0	0	0	0	
596:	0	0	0	0	0	0	0	0	
628:	0	0	0	0	0	0	0	0	
660:	0	0	0	0	0	0	0	0	
692:	0	0	0	0	0	0	0	0	
724:	0	0	0	0	0	0	0	0	
756:	0	0	0	0	0	0	0	0	
788:	0	0	0	0	0	0	0	0	
820:	0	0	0	0	0	0	0	0	
852:	0	0	0	0	0	0	0	0	
884:	0	0	0	0	0	200	0	0	
====================
Cycle:18	176	BREAK	

Registers:
r00:	65550	0	0	7	0	0	0	0	
r08:	0	0	0	0	200	200	0	0	
r16:	0	0	0	0	0	0	0	0	
r24:	0	0	0	0	0	0	0	0	

Data:
180:	-1962475473	-889061341	-1979580381	-1442709469	0	-368967645	-368967645	-748676093	
212:	0	-1859968595	-1859968628	-128250483	-1860166656	-1275068340	0	-224395232	
244:	-1258291053	335544323	-763363328	0	0	0	0	0	
276:	0	0	0	0	0	0	0	0	
308:	0	0	0	0	0	0	0	0	
340:	0	0	0	0	0	0	0	0	
372:	0	0	0	0	0	0	0	0	
404:	0	0	0	0	0	0	0	0	
436:	0	0	0	0	0	0	0	0	
468:	0	0	0	0	0	0	0	0	
500:	0	0	0	0	0	0	0	0	
532:	0	0	0	0	0	0	0	0	
564:	0	0	0	0	0	0	0	0	
596:	0	0	0	0	0	0	0	0	
628:	0	0	0	0	0	0	0	0	
660:	0	0	0	0	0	0	0	0	
692:	0	0	0	0	0	0	0	0	
724:	0	0	0	0	0	0	0	0	
756:	0	0	0	0	0	0	0	0	
788:	0	0	0	0	0	0	0	0	
820:	0	0	0	0	0	0	0	0	
852:	0	0	0	0	0	0	0	0	
884:	0	0	0	0	0	200	0	0	
